10150916	1
10150926	1
10151017	1
10151027	1
10151125	1
10151204	2
19000310	1
19000508	1
19000806	1
19000807	1
19001126	1
19050715	1
19051020	1
19061120	1
19080202	1
19081109	1
19081130	1
19091109	1
19091202	1
19091220	1
19100107	1
19100123	1
19100401	1
19100422	1
19100901	1
19100920	1
19100927	1
19101112	1
19101116	1
19110206	1
19110506	1
19110627	1
19110717	1
19110720	1
19110822	1
19111001	1
19120120	2
19120229	1
19120320	1
19120329	1
19120412	1
19120509	1
19120713	1
19121219	1
19130110	1
19130223	1
19130417	1
19130802	1
19130901	1
19130902	1
19131023	1
19131123	1
19131228	1
19140120	1
19140222	1
19140419	1
19140422	1
19140601	1
19140626	1
19140824	1
19140829	1
19140927	1
19141206	1
19150129	1
19150804	2
19150807	1
19150820	1
19150920	1
19150923	1
19190304	1
19200202	1
19200220	1
19200421	1
19200502	1
19200520	1
19200923	1
19221128	1
19291009	1
19300617	1
19380501	1
19400906	1
19410312	1
19410512	1
19420309	1
19420724	1
19450227	1
19451023	1
19461008	1
19480101	1
19500405	1
19500626	1
19500812	1
19540105	1
19541212	1
19550310	1
19550619	1
19551119	1
19561203	1
19581231	1
19590312	1
19590521	1
19600112	1
19600203	1
19600629	1
19600704	1
19601021	1
19601103	1
19601119	1
19601124	1
19611008	1
19620112	1
19621014	1
19621203	1
19640101	1
19650120	1
19650516	1
19651128	1
19651218	1
19651220	1
19660109	1
19660120	2
19660126	1
19660201	1
19660223	1
19660309	1
19660330	2
19660401	1
19660402	1
19660412	2
19660503	1
19660504	1
19660616	1
19660630	1
19660819	1
19660905	1
19660919	1
19661006	1
19661010	1
19661120	1
19661216	1
19661220	1
19661229	1
19670110	1
19670205	1
19670328	1
19670330	1
19670414	1
19670419	1
19670511	1
19670531	1
19670725	1
19670914	1
19671010	1
19671031	1
19671223	1
19680111	1
19680115	1
19680219	1
19680224	1
19680303	1
19680422	1
19680921	1
19680928	1
19681130	1
19681214	1
19690125	1
19690306	1
19690920	1
19691001	1
19691129	1
19691206	1
19700101	1
19700103	1
19700201	1
19700806	1
19701009	1
19701030	1
19710101	1
19710316	1
19710801	1
19720101	1
19720212	1
19720718	1
19720721	1
19720817	1
19730101	1
19730322	1
19730406	1
19730612	1
19730728	1
19730825	1
19731113	1
19740101	3
19740121	1
19740615	1
19740802	1
19740905	1
19741010	1
19741020	1
19750101	1
19750407	1
19750501	1
19750725	1
19751004	1
19751010	1
19751022	1
19751024	1
19760101	1
19760306	1
19760821	1
19770101	1
19770310	1
19770501	1
19770901	1
19771005	1
19771025	2
19771128	1
19780101	2
19780201	1
19780614	1
19780722	1
19790301	1
19790529	1
19790613	1
19790703	1
19790801	1
19790917	1
19790920	1
19791208	1
19791223	1
19800123	1
19800130	1
19800201	1
19800322	1
19800326	1
19800430	1
19800612	1
19800709	1
19800804	1
19800813	1
19800818	1
19801027	1
19801230	1
19810112	1
19810730	1
19810731	1
19810830	1
19810831	1
19810901	1
19811022	1
19811031	1
19820614	1
19820805	1
19820829	1
19820921	1
19821001	1
19821127	1
19821129	1
19830218	1
19830421	1
19831101	1
19840101	1
19840103	1
19840105	1
19840401	1
19840713	1
19840724	1
19841104	1
19850101	1
19850207	1
19850320	1
19850330	1
19850331	1
19850401	1
19850502	1
19850530	1
19850701	1
19850707	1
19850730	1
19850801	2
19850904	1
19850915	1
19851001	1
19851103	1
19851208	1
19860101	3
19860125	1
19860201	2
19860207	1
19860209	1
19860218	1
19860302	1
19860312	1
19860410	1
19860530	1
19860601	2
19860630	1
19860727	1
19860819	1
19860910	1
19860913	2
19860917	1
19861023	1
19861030	2
19861201	1
19861215	1
19870116	1
19870415	1
19870419	1
19870521	1
19870601	1
19870602	1
19870610	1
19870801	1
19870902	1
19870930	1
19871013	1
19871130	1
19880101	4
19880110	2
19880408	1
19880503	1
19880509	1
19880530	1
19880620	1
19880630	1
19880712	1
19881128	1
19881201	1
19881215	1
19890101	6
19890221	1
19890301	1
19890325	1
19890420	1
19890421	1
19890622	1
19890715	1
19890811	1
19890820	1
19890928	1
19891001	2
19891015	1
19891021	1
19891120	1
19891201	2
19900101	8
19900102	1
19900109	1
19900130	3
19900201	2
19900301	1
19900319	1
19900401	1
19900402	1
19900511	1
19900519	1
19900604	1
19900702	1
19900909	1
19900911	2
19901001	2
19901010	1
19901012	1
19901113	1
19901116	1
19901119	1
19901214	1
19910101	9
19910103	1
19910129	1
19910131	1
19910201	2
19910323	1
19910401	1
19910629	1
19910715	1
19910718	1
19910801	1
19910808	1
19910819	1
19911001	2
19911116	1
19911117	1
19911120	1
19920101	15
19920115	1
19920116	1
19920131	2
19920201	1
19920202	1
19920215	1
19920310	1
19920404	1
19920504	1
19920521	1
19920601	1
19920605	1
19920701	1
19920715	1
19920721	1
19920801	1
19920810	1
19920901	1
19920915	1
19920922	1
19921023	1
19921101	2
19921110	1
19921214	1
19921223	1
19921229	1
19921231	1
19930101	15
19930111	1
19930301	1
19930302	1
19930324	1
19930402	1
19930420	1
19930424	1
19930501	2
19930526	1
19930601	3
19930611	1
19930701	2
19930713	1
19930730	1
19930829	1
19930901	1
19930904	1
19931015	1
19931101	1
19931201	1
19931210	1
19931225	1
19931231	1
19940101	23
19940103	1
19940109	1
19940118	2
19940129	1
19940201	1
19940301	2
19940401	2
19940506	1
19940529	1
19940601	2
19940622	1
19940701	2
19940705	1
19940708	1
19940710	1
19940801	1
19940808	3
19940821	1
19940829	1
19940901	2
19941001	2
19941002	1
19941005	1
19941010	1
19941013	1
19941026	1
19941101	2
19941109	1
19941116	1
19941121	1
19950101	22
19950102	1
19950103	1
19950105	1
19950112	1
19950116	1
19950125	1
19950130	2
19950201	1
19950228	1
19950301	1
19950316	1
19950317	1
19950421	1
19950501	1
19950518	1
19950601	1
19950603	1
19950615	1
19950618	1
19950701	4
19950801	4
19950818	1
19950901	5
19950921	1
19951001	5
19951020	1
19951101	1
19951116	1
19951118	1
19951122	1
19951201	2
19951207	1
19951215	1
19951220	1
19951231	1
19960101	33
19960109	1
19960127	1
19960131	1
19960201	3
19960205	1
19960225	1
19960301	4
19960324	1
19960401	2
19960418	1
19960422	1
19960423	1
19960501	4
19960502	1
19960506	1
19960508	2
19960511	1
19960520	1
19960523	1
19960530	1
19960601	4
19960607	1
19960628	1
19960701	5
19960710	1
19960730	1
19960801	2
19960807	1
19960810	1
19960813	1
19960819	1
19960824	3
19960901	6
19960906	1
19960913	1
19960914	2
19960915	1
19960917	1
19960919	1
19961001	3
19961010	1
19961015	1
19961025	2
19961026	1
19961101	2
19961103	1
19961105	1
19961113	1
19961118	1
19961201	2
19961204	1
19961213	2
19961217	1
19961225	1
19961231	1
19970101	29
19970103	1
19970105	1
19970106	1
19970112	1
19970201	3
19970203	1
19970205	1
19970224	1
19970228	1
19970301	2
19970305	1
19970312	1
19970314	1
19970324	1
19970325	1
19970401	4
19970407	1
19970411	1
19970430	1
19970501	2
19970508	1
19970512	1
19970520	1
19970521	1
19970525	1
19970530	1
19970531	1
19970601	4
19970603	2
19970605	1
19970606	1
19970613	1
19970614	1
19970615	2
19970630	1
19970701	3
19970705	1
19970707	1
19970710	1
19970711	1
19970717	1
19970801	4
19970802	1
19970812	1
19970829	1
19970831	1
19970901	3
19970908	1
19970913	1
19970917	1
19970919	1
19970923	1
19970929	1
19970930	1
19971001	6
19971002	1
19971010	1
19971020	1
19971022	1
19971101	4
19971103	1
19971110	1
19971115	1
19971116	1
19971119	1
19971126	1
19971127	1
19971128	1
19971201	2
19971208	1
19971210	1
19971220	1
19971222	1
19971231	1
19980101	68
19980104	1
19980105	1
19980110	1
19980114	1
19980128	1
19980131	2
19980201	5
19980219	1
19980301	6
19980303	1
19980304	1
19980308	1
19980310	1
19980311	1
19980315	1
19980317	1
19980328	1
19980401	3
19980415	1
19980423	1
19980430	1
19980501	5
19980515	1
19980518	1
19980521	1
19980524	1
19980601	13
19980610	2
19980618	2
19980620	1
19980625	1
19980629	1
19980630	1
19980701	8
19980708	1
19980710	1
19980713	1
19980728	1
19980731	1
19980801	10
19980802	1
19980803	1
19980806	1
19980809	1
19980810	1
19980816	1
19980824	1
19980825	1
19980901	8
19980908	1
19980909	1
19980910	1
19980916	1
19981001	10
19981002	1
19981009	1
19981011	1
19981013	1
19981018	1
19981025	1
19981027	1
19981101	2
19981105	1
19981108	1
19981109	2
19981110	1
19981111	1
19981113	1
19981114	1
19981201	3
19981202	1
19981203	1
19981210	1
19981213	1
19981221	1
19981223	1
19981224	1
19981228	1
19981230	1
19981231	4
19990101	88
19990104	1
19990105	1
19990108	1
19990109	2
19990112	1
19990113	1
19990122	2
19990126	1
19990130	1
19990131	2
19990201	8
19990205	1
19990210	1
19990215	1
19990225	1
19990228	1
19990301	10
19990306	1
19990310	1
19990311	2
19990314	1
19990323	2
19990401	12
19990406	1
19990413	1
19990415	2
19990418	1
19990420	2
19990423	1
19990430	1
19990501	11
19990502	1
19990506	2
19990509	1
19990510	1
19990525	1
19990529	1
19990601	16
19990605	1
19990606	1
19990609	1
19990614	1
19990615	2
19990617	1
19990618	1
19990619	2
19990624	1
19990627	1
19990628	1
19990701	10
19990705	1
19990726	1
19990729	1
19990801	10
19990805	1
19990806	1
19990807	1
19990810	1
19990811	1
19990812	1
19990813	1
19990818	1
19990822	2
19990823	1
19990824	1
19990830	2
19990901	18
19990902	1
19990910	4
19990913	1
19990916	1
19990917	1
19990930	1
19991001	9
19991005	1
19991008	1
19991010	1
19991016	1
19991018	1
19991020	1
19991022	1
19991028	3
19991030	1
19991101	10
19991102	1
19991103	1
19991104	1
19991109	1
19991110	2
19991111	2
19991115	2
19991117	1
19991130	1
19991201	11
19991203	1
19991208	1
19991214	1
19991215	2
19991217	1
19991219	1
19991220	2
19991223	1
19991227	1
19991228	1
19991229	1
19991230	1
19991231	4
20000101	128
20000102	2
20000104	3
20000105	2
20000107	1
20000108	1
20000109	4
20000110	3
20000111	2
20000112	2
20000113	1
20000115	2
20000117	1
20000118	1
20000119	2
20000120	3
20000121	3
20000122	2
20000123	2
20000125	2
20000126	3
20000127	1
20000130	4
20000131	1
20000201	19
20000202	5
20000203	1
20000204	1
20000205	3
20000206	2
20000208	2
20000209	2
20000211	3
20000212	2
20000213	1
20000214	1
20000215	2
20000216	1
20000217	1
20000218	3
20000219	1
20000220	1
20000222	2
20000223	2
20000224	1
20000227	1
20000228	2
20000301	14
20000302	2
20000303	2
20000304	1
20000305	2
20000307	2
20000308	2
20000309	4
20000310	2
20000311	4
20000312	3
20000314	4
20000315	2
20000316	2
20000317	2
20000318	2
20000319	1
20000321	3
20000322	1
20000323	2
20000324	3
20000325	1
20000326	1
20000327	2
20000328	2
20000330	3
20000331	3
20000401	14
20000402	1
20000403	4
20000404	2
20000405	2
20000406	1
20000407	1
20000409	2
20000410	1
20000412	2
20000413	1
20000415	3
20000416	2
20000418	2
20000420	3
20000421	1
20000422	1
20000423	1
20000424	1
20000425	1
20000426	2
20000427	1
20000428	1
20000429	1
20000430	3
20000501	8
20000502	3
20000504	2
20000505	2
20000507	2
20000510	1
20000511	1
20000512	1
20000513	2
20000514	1
20000515	1
20000516	3
20000517	2
20000518	1
20000519	2
20000520	3
20000521	2
20000522	1
20000523	1
20000525	3
20000526	1
20000528	1
20000529	3
20000530	3
20000531	2
20000601	21
20000602	2
20000603	4
20000604	2
20000605	1
20000607	1
20000609	3
20000610	2
20000611	1
20000612	1
20000613	1
20000614	2
20000615	3
20000616	2
20000617	3
20000618	2
20000619	2
20000620	2
20000621	8
20000622	3
20000624	1
20000625	1
20000626	3
20000628	1
20000629	2
20000630	2
20000701	23
20000703	2
20000704	4
20000705	1
20000706	1
20000707	2
20000708	1
20000709	1
20000710	2
20000711	1
20000712	6
20000714	4
20000715	2
20000716	2
20000717	3
20000718	1
20000719	1
20000720	6
20000721	2
20000722	5
20000723	2
20000724	3
20000725	4
20000726	3
20000727	3
20000728	1
20000729	3
20000730	2
20000731	2
20000801	20
20000802	3
20000803	2
20000804	6
20000805	1
20000809	3
20000810	2
20000811	2
20000812	1
20000813	5
20000815	3
20000816	1
20000817	3
20000818	1
20000819	1
20000820	2
20000822	3
20000823	1
20000824	1
20000825	2
20000827	3
20000828	1
20000830	3
20000831	3
20000901	21
20000903	2
20000904	4
20000905	3
20000906	1
20000908	1
20000909	4
20000910	1
20000911	2
20000913	1
20000914	2
20000915	1
20000916	1
20000918	2
20000919	3
20000920	3
20000921	1
20000922	4
20000923	1
20000924	1
20000925	2
20000927	3
20000928	1
20000930	1
20001001	15
20001002	2
20001003	2
20001006	1
20001007	3
20001008	1
20001009	2
20001010	1
20001012	3
20001013	3
20001015	1
20001016	2
20001017	3
20001018	3
20001019	1
20001020	5
20001021	2
20001023	1
20001024	2
20001027	3
20001028	2
20001029	1
20001030	2
20001031	4
20001101	15
20001106	2
20001108	1
20001110	2
20001111	1
20001112	1
20001113	2
20001114	3
20001115	2
20001117	1
20001118	1
20001119	1
20001120	2
20001121	3
20001122	2
20001123	2
20001125	1
20001126	1
20001127	2
20001128	1
20001129	1
20001130	1
20001201	21
20001202	1
20001206	2
20001209	1
20001210	3
20001211	2
20001213	1
20001214	4
20001215	2
20001216	2
20001218	2
20001219	5
20001220	2
20001222	2
20001223	2
20001224	2
20001225	1
20001226	2
20001227	3
20001228	1
20001230	1
20001231	6
20010101	163
20010102	3
20010103	1
20010104	2
20010105	4
20010106	1
20010107	1
20010109	5
20010110	3
20010111	1
20010112	2
20010113	1
20010114	3
20010115	2
20010116	2
20010117	3
20010118	3
20010120	2
20010121	3
20010122	2
20010123	1
20010124	2
20010126	1
20010128	1
20010129	2
20010130	2
20010131	1
20010201	20
20010203	1
20010205	3
20010208	1
20010209	2
20010211	2
20010212	4
20010213	1
20010214	2
20010215	4
20010216	4
20010219	3
20010221	1
20010223	3
20010224	4
20010225	1
20010226	1
20010227	2
20010301	15
20010302	1
20010303	1
20010305	1
20010306	1
20010307	2
20010308	1
20010309	2
20010310	4
20010313	1
20010314	1
20010315	6
20010316	1
20010320	1
20010321	4
20010322	1
20010323	2
20010324	1
20010325	2
20010326	1
20010327	2
20010328	1
20010329	1
20010330	6
20010401	24
20010404	2
20010405	2
20010407	1
20010408	1
20010409	2
20010410	1
20010413	1
20010414	2
20010415	5
20010416	2
20010418	3
20010420	2
20010421	4
20010426	1
20010427	1
20010428	3
20010430	2
20010501	24
20010503	3
20010504	1
20010505	1
20010506	1
20010507	3
20010509	1
20010510	1
20010511	1
20010512	2
20010513	1
20010515	3
20010516	1
20010518	1
20010519	1
20010521	2
20010522	1
20010523	2
20010524	2
20010525	2
20010526	3
20010527	1
20010528	1
20010529	3
20010530	3
20010531	1
20010601	41
20010603	3
20010605	1
20010606	1
20010607	4
20010608	1
20010609	1
20010610	1
20010611	6
20010612	1
20010614	2
20010615	1
20010616	1
20010617	3
20010618	4
20010619	3
20010620	2
20010621	2
20010622	1
20010623	1
20010624	2
20010625	2
20010626	1
20010629	1
20010630	5
20010701	24
20010702	2
20010703	4
20010704	1
20010705	3
20010706	3
20010707	1
20010708	1
20010709	3
20010712	5
20010713	2
20010715	1
20010716	1
20010717	2
20010718	2
20010719	3
20010720	4
20010721	4
20010723	2
20010724	1
20010725	2
20010726	2
20010729	1
20010731	1
20010801	30
20010802	1
20010803	3
20010804	1
20010807	2
20010808	4
20010809	2
20010810	2
20010812	1
20010813	1
20010814	2
20010815	1
20010816	1
20010817	4
20010818	2
20010819	2
20010820	2
20010821	3
20010822	2
20010823	2
20010824	1
20010825	4
20010827	2
20010828	1
20010829	2
20010830	3
20010831	1
20010901	24
20010902	2
20010904	1
20010905	3
20010906	3
20010907	1
20010908	2
20010909	1
20010910	3
20010911	2
20010912	2
20010913	4
20010914	1
20010915	3
20010918	4
20010920	1
20010921	3
20010922	2
20010923	2
20010924	3
20010925	1
20010927	1
20010928	3
20011001	23
20011004	3
20011005	3
20011010	3
20011011	2
20011012	4
20011014	2
20011015	2
20011016	2
20011017	1
20011018	2
20011019	2
20011020	1
20011021	2
20011022	3
20011023	3
20011025	1
20011026	2
20011028	1
20011029	1
20011030	1
20011031	1
20011101	29
20011102	1
20011103	2
20011104	2
20011105	2
20011106	3
20011107	1
20011108	1
20011109	1
20011110	1
20011112	1
20011113	1
20011114	2
20011115	2
20011119	1
20011120	1
20011121	6
20011122	1
20011124	1
20011125	1
20011126	1
20011127	2
20011129	1
20011130	2
20011201	17
20011203	3
20011204	1
20011205	4
20011207	1
20011208	1
20011209	1
20011210	1
20011211	5
20011212	4
20011213	1
20011215	2
20011216	2
20011217	3
20011218	1
20011219	3
20011220	1
20011221	4
20011224	2
20011225	1
20011226	1
20011227	2
20011229	2
20011230	1
20011231	11
20020101	194
20020102	10
20020103	2
20020104	3
20020105	3
20020106	3
20020107	2
20020108	1
20020109	3
20020110	4
20020111	2
20020113	1
20020116	2
20020118	1
20020119	1
20020120	1
20020121	3
20020127	2
20020128	2
20020131	1
20020201	24
20020202	3
20020203	2
20020205	2
20020206	2
20020207	2
20020208	3
20020209	2
20020214	2
20020215	2
20020216	4
20020219	1
20020220	1
20020221	1
20020222	4
20020223	1
20020225	1
20020226	1
20020227	1
20020228	1
20020301	19
20020302	1
20020305	3
20020306	1
20020308	1
20020311	3
20020312	2
20020313	2
20020314	2
20020315	2
20020318	1
20020319	2
20020321	1
20020322	2
20020323	1
20020324	1
20020327	1
20020329	1
20020401	18
20020402	1
20020403	1
20020404	2
20020405	4
20020406	1
20020407	1
20020408	2
20020409	1
20020410	2
20020412	3
20020415	3
20020417	1
20020418	1
20020419	2
20020420	3
20020421	2
20020422	2
20020423	2
20020425	1
20020426	1
20020429	1
20020430	2
20020501	23
20020502	1
20020504	1
20020505	2
20020506	1
20020510	2
20020512	2
20020514	3
20020515	3
20020516	2
20020517	1
20020520	2
20020521	3
20020523	2
20020524	1
20020525	1
20020526	1
20020529	1
20020530	2
20020531	1
20020601	39
20020604	2
20020608	1
20020610	3
20020611	5
20020612	3
20020615	1
20020617	3
20020619	1
20020620	2
20020621	1
20020622	1
20020623	2
20020624	2
20020625	2
20020626	3
20020627	2
20020630	1
20020701	27
20020704	2
20020706	2
20020708	1
20020709	1
20020710	2
20020711	5
20020712	2
20020713	1
20020715	6
20020716	1
20020717	1
20020718	1
20020720	3
20020721	1
20020722	2
20020724	2
20020725	1
20020726	2
20020728	1
20020729	1
20020730	3
20020731	3
20020801	22
20020802	1
20020803	2
20020804	5
20020805	3
20020807	3
20020808	1
20020809	1
20020810	4
20020811	3
20020813	2
20020815	4
20020816	3
20020817	1
20020818	1
20020819	1
20020820	4
20020821	1
20020822	1
20020823	1
20020824	1
20020825	3
20020826	2
20020827	4
20020828	4
20020831	2
20020901	27
20020902	2
20020903	2
20020904	2
20020905	2
20020906	1
20020907	2
20020908	2
20020909	4
20020910	2
20020911	2
20020912	2
20020913	1
20020914	1
20020915	2
20020916	2
20020917	1
20020918	2
20020919	3
20020920	2
20020921	3
20020922	3
20020923	1
20020924	2
20020925	2
20020926	1
20020927	2
20020928	3
20020930	3
20021001	30
20021002	5
20021003	5
20021004	1
20021005	2
20021007	3
20021008	1
20021009	1
20021010	2
20021011	1
20021012	3
20021013	1
20021014	1
20021015	4
20021016	2
20021017	1
20021018	1
20021019	2
20021020	2
20021021	2
20021022	1
20021023	1
20021024	2
20021025	1
20021026	1
20021027	1
20021028	4
20021030	3
20021031	3
20021101	24
20021102	7
20021103	1
20021104	4
20021106	2
20021107	3
20021108	3
20021109	2
20021110	1
20021111	4
20021112	1
20021113	2
20021114	2
20021115	3
20021118	1
20021119	7
20021120	3
20021122	3
20021123	1
20021124	2
20021125	4
20021127	2
20021128	2
20021129	1
20021130	3
20021201	29
20021202	7
20021203	1
20021204	2
20021205	1
20021206	3
20021207	6
20021209	4
20021210	2
20021211	2
20021212	1
20021213	2
20021214	3
20021219	2
20021221	2
20021222	4
20021223	2
20021224	3
20021227	2
20021228	7
20021229	1
20021230	1
20021231	9
20030101	224
20030102	6
20030103	6
20030104	2
20030105	6
20030106	2
20030107	5
20030108	1
20030110	3
20030111	5
20030112	2
20030113	3
20030114	2
20030115	5
20030116	3
20030117	1
20030118	1
20030119	1
20030120	3
20030121	2
20030122	1
20030123	1
20030124	6
20030125	1
20030126	2
20030127	2
20030128	4
20030130	3
20030131	5
20030201	30
20030202	7
20030203	6
20030204	3
20030205	1
20030206	2
20030207	2
20030209	2
20030210	3
20030211	3
20030214	1
20030215	3
20030216	3
20030217	1
20030219	2
20030220	1
20030221	6
20030223	3
20030224	1
20030225	2
20030226	1
20030227	1
20030228	6
20030301	36
20030302	4
20030303	4
20030304	7
20030305	4
20030306	1
20030307	2
20030308	1
20030309	1
20030310	3
20030311	7
20030312	2
20030313	1
20030314	3
20030315	4
20030316	5
20030317	2
20030318	5
20030319	1
20030320	5
20030321	4
20030322	5
20030323	3
20030324	4
20030325	1
20030326	2
20030328	3
20030329	1
20030330	1
20030331	4
20030401	25
20030402	5
20030403	3
20030404	5
20030405	1
20030406	3
20030407	3
20030408	2
20030409	2
20030410	6
20030411	2
20030412	1
20030413	2
20030414	1
20030415	7
20030416	2
20030417	3
20030418	1
20030419	3
20030420	5
20030421	3
20030422	3
20030423	1
20030424	2
20030425	1
20030426	3
20030428	2
20030429	2
20030430	6
20030501	39
20030502	8
20030503	4
20030504	1
20030505	2
20030506	4
20030507	2
20030509	1
20030510	3
20030512	2
20030513	4
20030514	4
20030515	4
20030516	6
20030517	2
20030518	1
20030519	4
20030520	2
20030521	2
20030522	2
20030523	3
20030524	1
20030525	2
20030528	3
20030529	1
20030530	3
20030531	1
20030601	37
20030602	2
20030603	5
20030604	6
20030605	1
20030606	1
20030607	3
20030608	1
20030609	3
20030610	4
20030611	1
20030612	2
20030613	2
20030615	5
20030616	4
20030617	2
20030618	1
20030619	5
20030620	2
20030621	4
20030622	1
20030623	5
20030625	4
20030626	1
20030627	2
20030628	1
20030629	1
20030630	10
20030701	43
20030702	3
20030703	2
20030704	4
20030705	2
20030706	1
20030707	4
20030709	4
20030710	1
20030711	1
20030713	2
20030714	1
20030715	7
20030716	3
20030717	1
20030718	4
20030719	2
20030720	5
20030721	2
20030722	3
20030724	2
20030725	3
20030727	1
20030728	1
20030729	1
20030730	2
20030731	3
20030801	32
20030802	1
20030803	2
20030804	2
20030805	1
20030806	2
20030807	1
20030808	2
20030809	1
20030810	3
20030811	1
20030812	4
20030813	1
20030814	2
20030815	1
20030816	5
20030817	1
20030819	2
20030820	5
20030821	5
20030822	2
20030823	4
20030824	2
20030825	2
20030826	4
20030827	4
20030828	2
20030829	1
20030830	1
20030831	4
20030901	45
20030902	2
20030903	5
20030905	4
20030906	1
20030907	3
20030908	4
20030910	5
20030911	6
20030912	3
20030913	1
20030914	1
20030915	3
20030916	1
20030917	1
20030918	4
20030919	4
20030920	1
20030921	2
20030922	2
20030923	10
20030924	1
20030925	4
20030926	4
20030929	1
20030930	6
20031001	36
20031002	4
20031003	8
20031004	4
20031005	1
20031006	5
20031007	3
20031008	4
20031010	3
20031011	1
20031012	2
20031013	3
20031014	1
20031015	4
20031016	2
20031018	1
20031019	2
20031020	1
20031021	2
20031022	2
20031023	7
20031024	1
20031025	3
20031026	1
20031027	4
20031028	4
20031029	2
20031030	3
20031031	4
20031101	41
20031102	4
20031103	8
20031104	2
20031106	2
20031107	2
20031108	2
20031109	3
20031110	3
20031111	1
20031112	3
20031113	4
20031114	2
20031115	1
20031117	2
20031118	2
20031119	3
20031120	7
20031121	2
20031122	2
20031123	5
20031125	1
20031127	2
20031128	2
20031130	1
20031201	31
20031202	5
20031203	7
20031204	3
20031206	3
20031208	1
20031209	2
20031210	1
20031211	4
20031212	5
20031213	2
20031214	1
20031215	7
20031216	1
20031217	3
20031218	3
20031219	3
20031221	1
20031222	5
20031223	2
20031224	1
20031225	1
20031226	3
20031227	3
20031228	1
20031229	2
20031230	4
20031231	17
20040101	285
20040102	13
20040103	2
20040104	11
20040105	5
20040106	6
20040107	4
20040108	1
20040109	5
20040110	4
20040111	6
20040112	4
20040113	4
20040114	2
20040115	10
20040116	4
20040118	1
20040119	2
20040120	1
20040121	1
20040122	1
20040123	4
20040124	1
20040126	1
20040127	4
20040128	3
20040129	3
20040130	6
20040131	5
20040201	31
20040202	5
20040203	2
20040204	3
20040205	1
20040206	3
20040207	7
20040208	1
20040209	4
20040210	4
20040211	2
20040212	2
20040213	3
20040214	3
20040215	4
20040216	1
20040217	1
20040218	4
20040219	4
20040220	6
20040222	3
20040223	4
20040224	3
20040225	3
20040226	1
20040227	3
20040228	2
20040301	46
20040302	3
20040303	1
20040304	6
20040305	1
20040306	2
20040308	3
20040309	2
20040311	4
20040312	1
20040313	1
20040314	2
20040315	6
20040316	4
20040317	2
20040318	2
20040319	3
20040320	2
20040321	2
20040322	3
20040323	3
20040324	2
20040325	5
20040327	3
20040328	1
20040329	2
20040330	3
20040331	5
20040401	49
20040402	3
20040403	3
20040404	5
20040405	8
20040406	2
20040407	3
20040408	4
20040409	2
20040410	3
20040411	5
20040412	2
20040413	7
20040414	7
20040415	4
20040416	3
20040417	2
20040418	3
20040419	6
20040420	6
20040421	3
20040422	2
20040423	6
20040424	4
20040425	2
20040426	3
20040427	3
20040428	4
20040429	5
20040430	2
20040501	29
20040502	1
20040503	3
20040504	12
20040505	3
20040506	2
20040507	3
20040508	3
20040509	3
20040510	4
20040511	7
20040512	5
20040513	2
20040515	4
20040516	1
20040517	2
20040519	3
20040520	2
20040521	4
20040522	4
20040523	1
20040524	2
20040525	1
20040526	1
20040527	1
20040528	1
20040529	2
20040530	4
20040531	2
20040601	62
20040602	6
20040603	1
20040604	5
20040605	4
20040606	2
20040607	4
20040608	2
20040609	2
20040610	5
20040611	2
20040612	1
20040613	1
20040614	4
20040615	11
20040616	2
20040617	2
20040618	3
20040619	2
20040620	3
20040621	2
20040622	3
20040623	4
20040624	3
20040626	4
20040627	3
20040628	4
20040630	7
20040701	59
20040702	7
20040703	8
20040704	7
20040705	5
20040706	4
20040707	2
20040709	3
20040710	6
20040711	3
20040712	2
20040713	1
20040714	2
20040715	5
20040716	3
20040717	1
20040718	3
20040719	3
20040720	4
20040721	3
20040723	3
20040724	4
20040725	2
20040726	5
20040727	1
20040728	3
20040729	3
20040730	3
20040731	1
20040801	51
20040802	5
20040803	7
20040804	4
20040805	4
20040806	2
20040807	3
20040808	1
20040809	1
20040810	3
20040811	5
20040812	5
20040813	3
20040814	5
20040815	2
20040816	5
20040817	2
20040818	1
20040819	4
20040820	7
20040821	3
20040822	2
20040823	3
20040824	3
20040825	6
20040826	2
20040827	5
20040828	2
20040829	3
20040830	5
20040831	3
20040901	68
20040902	3
20040903	4
20040904	8
20040905	3
20040906	1
20040907	2
20040908	2
20040909	8
20040910	3
20040911	5
20040913	2
20040914	2
20040915	10
20040916	3
20040918	2
20040919	1
20040920	6
20040921	5
20040922	2
20040923	4
20040924	4
20040926	2
20040927	3
20040928	5
20040929	8
20040930	2
20041001	42
20041002	4
20041003	5
20041004	10
20041005	1
20041006	6
20041007	7
20041008	3
20041009	1
20041010	6
20041011	1
20041012	3
20041013	3
20041014	4
20041015	8
20041016	4
20041017	1
20041018	5
20041019	4
20041020	1
20041021	1
20041022	5
20041023	2
20041024	6
20041025	3
20041027	3
20041028	2
20041029	2
20041030	6
20041101	59
20041102	3
20041103	3
20041104	10
20041105	1
20041106	1
20041107	4
20041108	3
20041109	4
20041110	3
20041111	1
20041112	5
20041113	3
20041114	1
20041115	10
20041116	2
20041117	3
20041118	8
20041119	6
20041120	2
20041121	4
20041122	4
20041123	2
20041124	9
20041125	2
20041126	5
20041127	5
20041128	2
20041129	5
20041130	10
20041201	62
20041202	9
20041203	7
20041204	3
20041205	3
20041206	4
20041207	4
20041208	3
20041209	4
20041210	7
20041211	2
20041212	5
20041213	10
20041214	10
20041215	6
20041216	4
20041217	4
20041218	3
20041219	3
20041220	12
20041221	8
20041222	5
20041223	8
20041224	4
20041225	2
20041227	5
20041228	5
20041229	2
20041230	1
20041231	25
20050101	410
20050102	29
20050103	44
20050104	25
20050105	44
20050106	35
20050107	23
20050108	30
20050109	22
20050110	18
20050111	17
20050112	9
20050113	13
20050114	17
20050115	12
20050116	12
20050117	10
20050118	10
20050119	13
20050120	16
20050121	5
20050122	10
20050123	14
20050124	14
20050125	15
20050126	8
20050127	12
20050128	6
20050129	7
20050130	9
20050131	19
20050201	78
20050202	16
20050203	8
20050204	11
20050205	19
20050206	8
20050207	14
20050208	4
20050209	6
20050210	10
20050211	13
20050212	4
20050213	6
20050214	13
20050215	20
20050216	17
20050217	6
20050218	8
20050219	10
20050220	5
20050221	7
20050222	10
20050223	8
20050224	15
20050225	9
20050226	1
20050227	1
20050228	12
20050301	83
20050302	15
20050303	17
20050304	7
20050305	17
20050306	13
20050307	11
20050308	7
20050309	8
20050310	7
20050311	4
20050312	5
20050313	5
20050314	15
20050315	19
20050316	16
20050317	7
20050318	9
20050319	2
20050320	5
20050321	11
20050322	8
20050323	8
20050324	12
20050325	12
20050326	3
20050327	4
20050328	8
20050329	8
20050330	7
20050331	7
20050401	86
20050402	5
20050403	10
20050404	17
20050405	15
20050406	5
20050407	7
20050408	6
20050409	7
20050410	6
20050411	11
20050412	5
20050413	4
20050414	10
20050415	31
20050416	7
20050417	3
20050418	4
20050419	10
20050420	12
20050421	6
20050422	10
20050423	6
20050424	6
20050425	14
20050426	6
20050427	6
20050428	9
20050429	3
20050430	8
20050501	84
20050502	14
20050503	9
20050504	5
20050505	26
20050506	8
20050507	7
20050508	8
20050509	10
20050510	8
20050511	9
20050512	8
20050513	7
20050514	2
20050515	18
20050516	9
20050517	8
20050518	10
20050519	11
20050520	16
20050521	3
20050522	4
20050523	5
20050524	4
20050525	22
20050526	11
20050527	10
20050528	6
20050529	3
20050530	9
20050531	7
20050601	147
20050602	8
20050603	7
20050604	6
20050605	15
20050606	16
20050607	13
20050608	10
20050609	12
20050610	15
20050611	6
20050612	4
20050613	7
20050614	9
20050615	33
20050616	15
20050617	16
20050618	11
20050619	3
20050620	22
20050621	13
20050622	7
20050623	10
20050624	7
20050625	16
20050626	2
20050627	13
20050628	10
20050629	5
20050630	11
20050701	140
20050702	8
20050703	5
20050704	16
20050705	26
20050706	9
20050707	17
20050708	10
20050709	6
20050710	5
20050711	13
20050712	13
20050713	7
20050714	14
20050715	20
20050716	9
20050717	7
20050718	10
20050719	11
20050720	16
20050721	11
20050722	12
20050723	2
20050724	5
20050725	14
20050726	6
20050727	12
20050728	10
20050729	14
20050730	8
20050731	11
20050801	161
20050802	13
20050803	13
20050804	11
20050805	27
20050806	6
20050807	8
20050808	22
20050809	13
20050810	17
20050811	10
20050812	11
20050813	7
20050814	11
20050815	37
20050816	13
20050817	14
20050818	10
20050819	14
20050820	19
20050821	11
20050822	18
20050823	11
20050824	13
20050825	22
20050826	12
20050827	15
20050828	10
20050829	12
20050830	17
20050831	17
20050901	187
20050902	28
20050903	15
20050904	10
20050905	27
20050906	17
20050907	21
20050908	11
20050909	20
20050910	19
20050911	8
20050912	17
20050913	13
20050914	15
20050915	42
20050916	14
20050917	6
20050918	13
20050919	20
20050920	28
20050921	14
20050922	16
20050923	20
20050924	14
20050925	15
20050926	18
20050927	15
20050928	23
20050929	16
20050930	36
20051001	207
20051002	4
20051003	24
20051004	14
20051005	58
20051006	25
20051007	18
20051008	15
20051009	12
20051010	44
20051011	19
20051012	16
20051013	14
20051014	20
20051015	50
20051016	7
20051017	24
20051018	21
20051019	25
20051020	31
20051021	18
20051022	12
20051023	7
20051024	25
20051025	31
20051026	24
20051027	19
20051028	30
20051029	20
20051030	22
20051031	42
20051101	241
20051102	27
20051103	28
20051104	27
20051105	57
20051106	14
20051107	39
20051108	19
20051109	20
20051110	33
20051111	31
20051112	23
20051113	9
20051114	46
20051115	74
20051116	37
20051117	30
20051118	50
20051119	26
20051120	36
20051121	38
20051122	38
20051123	49
20051124	34
20051125	67
20051126	29
20051127	32
20051128	44
20051129	35
20051130	69
20051201	302
20051202	66
20051203	57
20051204	39
20051205	116
20051206	43
20051207	64
20051208	57
20051209	57
20051210	83
20051211	32
20051212	99
20051213	58
20051214	78
20051215	194
20051216	95
20051217	72
20051218	59
20051219	91
20051220	153
20051221	103
20051222	128
20051223	182
20051224	126
20051225	102
20051226	115
20051227	152
20051228	159
20051229	203
20051230	363
20051231	549
20060101	2157
20060102	1212
20060103	1385
20060104	1531
20060105	1605
20060106	1659
20060107	1350
20060108	1337
20060109	1430
20060110	1583
20060111	1543
20060112	1591
20060113	1751
20060114	1294
20060115	1176
20060116	1191
20060117	1456
20060118	1469
20060119	1554
20060120	1661
20060121	1473
20060122	1244
20060123	1472
20060124	1514
20060125	1511
20060126	1372
20060127	1542
20060128	1334
20060129	1222
20060130	1389
20060131	1296
20060201	1773
20060202	1562
20060203	1622
20060204	1388
20060205	1209
20060206	1435
20060207	1452
20060208	1455
20060209	1389
20060210	1600
20060211	1286
20060212	724
20060213	1029
20060214	1301
20060215	1588
20060216	1512
20060217	1720
20060218	1274
20060219	1122
20060220	1210
20060221	1451
20060222	1378
20060223	1365
20060224	1304
20060225	1276
20060226	1085
20060227	1286
20060228	1445
20060301	1788
20060302	1349
20060303	1521
20060304	1353
20060305	1169
20060306	1461
20060307	1479
20060308	1516
20060309	1534
20060310	1663
20060311	1485
20060312	1191
20060313	1464
20060314	1516
20060315	1567
20060316	1517
20060317	1580
20060318	1371
20060319	1182
20060320	1490
20060321	1461
20060322	1496
20060323	1534
20060324	1523
20060325	1391
20060326	1230
20060327	1504
20060328	1505
20060329	1468
20060330	1440
20060331	1481
20060401	1758
20060402	1289
20060403	1381
20060404	1516
20060405	1500
20060406	1580
20060407	1636
20060408	1368
20060409	1223
20060410	1528
20060411	1444
20060412	1621
20060413	1560
20060414	1436
20060415	1476
20060416	1186
20060417	1342
20060418	1507
20060419	1467
20060420	1558
20060421	1493
20060422	1304
20060423	1170
20060424	1363
20060425	1413
20060426	1491
20060427	1573
20060428	1681
20060429	1416
20060430	1283
20060501	1823
20060502	1536
20060503	1580
20060504	1566
20060505	1854
20060506	1487
20060507	1364
20060508	1354
20060509	1541
20060510	1648
20060511	1577
20060512	1551
20060513	1448
20060514	1241
20060515	1491
20060516	1399
20060517	1551
20060518	1570
20060519	1425
20060520	1518
20060521	1292
20060522	1457
20060523	1630
20060524	1535
20060525	1609
20060526	1599
20060527	1440
20060528	1406
20060529	1193
20060530	1633
20060531	1514
20060601	1954
20060602	1527
20060603	1334
20060604	1377
20060605	1494
20060606	1593
20060607	1374
20060608	1462
20060609	1676
20060610	1461
20060611	1319
20060612	1567
20060613	1562
20060614	1668
20060615	1663
20060616	1629
20060617	1449
20060618	1342
20060619	1500
20060620	1812
20060621	1739
20060622	1656
20060623	1728
20060624	1390
20060625	1383
20060626	1493
20060627	1528
20060628	1614
20060629	1433
20060630	1508
20060701	1855
20060702	1356
20060703	1385
20060704	1510
20060705	1669
20060706	1530
20060707	1651
20060708	1459
20060709	1386
20060710	1583
20060711	1545
20060712	1491
20060713	1567
20060714	1622
20060715	1498
20060716	1295
20060717	1479
20060718	1608
20060719	1593
20060720	1666
20060721	1523
20060722	1457
20060723	1345
20060724	1488
20060725	1656
20060726	1584
20060727	1544
20060728	1646
20060729	1498
20060730	1391
20060731	1412
20060801	1845
20060802	1498
20060803	1571
20060804	1615
20060805	1568
20060806	1360
20060807	1587
20060808	1637
20060809	1696
20060810	1614
20060811	1607
20060812	1524
20060813	1391
20060814	1538
20060815	1621
20060816	1628
20060817	1567
20060818	1596
20060819	1421
20060820	1545
20060821	1512
20060822	1486
20060823	1536
20060824	1552
20060825	1529
20060826	1413
20060827	1204
20060828	1375
20060829	1275
20060830	1543
20060831	1454
20060901	1843
20060902	1246
20060903	1323
20060904	1420
20060905	1434
20060906	1513
20060907	1534
20060908	1674
20060909	1493
20060910	1388
20060911	1461
20060912	1388
20060913	1581
20060914	1548
20060915	1573
20060916	1444
20060917	1356
20060918	1397
20060919	1492
20060920	1717
20060921	1564
20060922	1644
20060923	1504
20060924	1477
20060925	1612
20060926	1615
20060927	1574
20060928	1678
20060929	1655
20060930	1528
20061001	1690
20061002	1540
20061003	1573
20061004	1641
20061005	1521
20061006	1751
20061007	1463
20061008	1348
20061009	1394
20061010	1625
20061011	1376
20061012	1649
20061013	1593
20061014	1411
20061015	1367
20061016	1439
20061017	1369
20061018	1613
20061019	1566
20061020	1691
20061021	1486
20061022	1358
20061023	1444
20061024	1453
20061025	1529
20061026	1495
20061027	1659
20061028	1410
20061029	1330
20061030	1429
20061031	1668
20061101	2016
20061102	1462
20061103	1584
20061104	1360
20061105	1218
20061106	1479
20061107	1310
20061108	1325
20061109	1597
20061110	1687
20061111	1501
20061112	1278
20061113	1409
20061114	1484
20061115	1636
20061116	1450
20061117	1622
20061118	1386
20061119	1209
20061120	1439
20061121	1478
20061122	1468
20061123	972
20061124	1391
20061125	1431
20061126	1214
20061127	1421
20061128	1480
20061129	1396
20061130	1609
20061201	1845
20061202	1467
20061203	1254
20061204	1363
20061205	1444
20061206	1548
20061207	1433
20061208	1472
20061209	1353
20061210	1307
20061211	1452
20061212	1619
20061213	1431
20061214	1423
20061215	1682
20061216	1349
20061217	1237
20061218	1348
20061219	1424
20061220	1566
20061221	1533
20061222	1578
20061223	1388
20061224	1083
20061225	898
20061226	1254
20061227	1335
20061228	1383
20061229	1405
20061230	1282
20061231	1152
20070101	2259
20070102	1577
20070103	1589
20070104	1561
20070105	1719
20070106	1468
20070107	1303
20070108	1421
20070109	1390
20070110	1518
20070111	1553
20070112	1648
20070113	1437
20070114	1324
20070115	1355
20070116	1461
20070117	1380
20070118	1471
20070119	1566
20070120	1410
20070121	1169
20070122	1305
20070123	1470
20070124	1491
20070125	1346
20070126	1314
20070127	1447
20070128	1274
20070129	1205
20070130	1330
20070131	1356
20070201	1623
20070202	1618
20070203	1285
20070204	1073
20070205	1150
20070206	1233
20070207	1405
20070208	1404
20070209	1428
20070210	1374
20070211	1115
20070212	1303
20070213	1328
20070214	1039
20070215	1238
20070216	1388
20070217	1280
20070218	1146
20070219	1098
20070220	1433
20070221	1447
20070222	1304
20070223	1394
20070224	1367
20070225	1181
20070226	1278
20070227	1482
20070228	1506
20070301	1756
20070302	1514
20070303	1467
20070304	1241
20070305	1282
20070306	1184
20070307	1393
20070308	1377
20070309	1555
20070310	1465
20070311	1230
20070312	1422
20070313	1529
20070314	1591
20070315	1527
20070316	1215
20070317	1007
20070318	1151
20070319	1255
20070320	1525
20070321	1396
20070322	1580
20070323	1575
20070324	1397
20070325	1303
20070326	1432
20070327	1471
20070328	1534
20070329	1404
20070330	1564
20070331	1349
20070401	1543
20070402	1333
20070403	1306
20070404	1264
20070405	1367
20070406	1368
20070407	1407
20070408	1052
20070409	1196
20070410	1390
20070411	1460
20070412	1316
20070413	1595
20070414	1437
20070415	1109
20070416	1298
20070417	1558
20070418	1535
20070419	1540
20070420	1715
20070421	1411
20070422	1321
20070423	1447
20070424	1578
20070425	1531
20070426	1557
20070427	1547
20070428	1544
20070429	1309
20070430	1498
20070501	1868
20070502	1579
20070503	1584
20070504	1594
20070505	1516
20070506	1310
20070507	1495
20070508	1416
20070509	1586
20070510	1610
20070511	1620
20070512	1590
20070513	1265
20070514	1528
20070515	1699
20070516	1592
20070517	1625
20070518	1663
20070519	1321
20070520	1392
20070521	1442
20070522	1605
20070523	1617
20070524	1575
20070525	1639
20070526	1457
20070527	1295
20070528	1319
20070529	1662
20070530	1600
20070531	1564
20070601	1958
20070602	1547
20070603	1272
20070604	1345
20070605	1721
20070606	1646
20070607	1514
20070608	1644
20070609	1426
20070610	1426
20070611	1496
20070612	1601
20070613	1628
20070614	1599
20070615	1698
20070616	1458
20070617	1358
20070618	1529
20070619	1560
20070620	1626
20070621	1531
20070622	1540
20070623	1641
20070624	1426
20070625	1503
20070626	1542
20070627	1569
20070628	1457
20070629	1560
20070630	1482
20070701	1698
20070702	1407
20070703	1602
20070704	1445
20070705	1536
20070706	1528
20070707	1494
20070708	1337
20070709	1354
20070710	1578
20070711	1517
20070712	1595
20070713	1623
20070714	1531
20070715	1384
20070716	1481
20070717	1540
20070718	1485
20070719	1481
20070720	1711
20070721	1583
20070722	1433
20070723	1302
20070724	1648
20070725	1661
20070726	1576
20070727	1671
20070728	1578
20070729	1366
20070730	1497
20070731	1664
20070801	2053
20070802	1618
20070803	1687
20070804	1469
20070805	1414
20070806	1433
20070807	1660
20070808	1464
20070809	1592
20070810	1556
20070811	1550
20070812	1463
20070813	1473
20070814	1560
20070815	1681
20070816	1521
20070817	1588
20070818	1464
20070819	1316
20070820	1412
20070821	1289
20070822	1509
20070823	1563
20070824	1622
20070825	1538
20070826	1419
20070827	1498
20070828	1528
20070829	1499
20070830	1575
20070831	1626
20070901	1821
20070902	1301
20070903	1328
20070904	1584
20070905	1582
20070906	1585
20070907	1743
20070908	1618
20070909	1473
20070910	1524
20070911	1471
20070912	1731
20070913	1521
20070914	1657
20070915	1623
20070916	1408
20070917	1405
20070918	1477
20070919	1595
20070920	1651
20070921	1760
20070922	1565
20070923	1486
20070924	1491
20070925	1575
20070926	1665
20070927	1663
20070928	1751
20070929	1592
20070930	1411
20071001	1809
20071002	1574
20071003	1625
20071004	1652
20071005	1784
20071006	1543
20071007	1442
20071008	1262
20071009	1603
20071010	1658
20071011	1469
20071012	1654
20071013	1513
20071014	1316
20071015	1441
20071016	1531
20071017	1643
20071018	1659
20071019	1631
20071020	1691
20071021	1461
20071022	1512
20071023	1751
20071024	1490
20071025	1580
20071026	1563
20071027	1464
20071028	1292
20071029	1310
20071030	1498
20071031	1656
20071101	1905
20071102	1628
20071103	1465
20071104	1326
20071105	1427
20071106	1343
20071107	1433
20071108	1475
20071109	1561
20071110	1436
20071111	1284
20071112	1241
20071113	1530
20071114	1480
20071115	1527
20071116	1549
20071117	1420
20071118	1330
20071119	1277
20071120	1396
20071121	1590
20071122	975
20071123	1383
20071124	1326
20071125	1243
20071126	1297
20071127	1514
20071128	1448
20071129	1413
20071130	1612
20071201	1606
20071202	1089
20071203	1387
20071204	1356
20071205	1383
20071206	1432
20071207	1595
20071208	1386
20071209	1206
20071210	1371
20071211	1469
20071212	1513
20071213	1275
20071214	1530
20071215	1552
20071216	1069
20071217	1266
20071218	1496
20071219	1375
20071220	1554
20071221	1647
20071222	1374
20071223	1271
20071224	1241
20071225	974
20071226	1223
20071227	1341
20071228	1360
20071229	1376
20071230	1218
20071231	1232
20080101	2273
20080102	1256
20080103	1316
20080104	1575
20080105	1536
20080106	1280
20080107	1448
20080108	1589
20080109	1497
20080110	1686
20080111	1663
20080112	1516
20080113	1347
20080114	1395
20080115	1483
20080116	1495
20080117	1527
20080118	1674
20080119	1569
20080120	1227
20080121	1196
20080122	1426
20080123	1449
20080124	1436
20080125	1513
20080126	1395
20080127	1226
20080128	1244
20080129	1338
20080130	1408
20080131	1414
20080201	1792
20080202	1535
20080203	1368
20080204	1292
20080205	1449
20080206	1537
20080207	1470
20080208	1681
20080209	1424
20080210	1138
20080211	1131
20080212	1170
20080213	1220
20080214	1367
20080215	1734
20080216	1417
20080217	1153
20080218	1199
20080219	1385
20080220	1393
20080221	1354
20080222	1236
20080223	1344
20080224	1122
20080225	1269
20080226	1297
20080227	1461
20080228	1375
20080229	1431
20080301	1680
20080302	1256
20080303	1357
20080304	1427
20080305	1477
20080306	1516
20080307	1612
20080308	1364
20080309	1222
20080310	1399
20080311	1440
20080312	1528
20080313	1476
20080314	1597
20080315	1493
20080316	1224
20080317	1326
20080318	1414
20080319	1343
20080320	1592
20080321	1504
20080322	1459
20080323	1172
20080324	1292
20080325	1492
20080326	1509
20080327	1502
20080328	1608
20080329	1411
20080330	1173
20080331	1324
20080401	1791
20080402	1552
20080403	1470
20080404	1575
20080405	1532
20080406	1264
20080407	1375
20080408	1427
20080409	1482
20080410	1532
20080411	1671
20080412	1536
20080413	1309
20080414	1359
20080415	1534
20080416	1526
20080417	1437
20080418	1613
20080419	1418
20080420	1259
20080421	1270
20080422	1405
20080423	1443
20080424	1429
20080425	1437
20080426	1400
20080427	1149
20080428	1165
20080429	1303
20080430	1425
20080501	1765
20080502	1573
20080503	1432
20080504	1238
20080505	1387
20080506	1584
20080507	1491
20080508	1571
20080509	1482
20080510	1441
20080511	1231
20080512	1277
20080513	1525
20080514	1575
20080515	1565
20080516	1472
20080517	1461
20080518	1270
20080519	1261
20080520	1395
20080521	1534
20080522	1494
20080523	1677
20080524	1394
20080525	1286
20080526	1250
20080527	1583
20080528	1568
20080529	1464
20080530	1667
20080531	1352
20080601	1734
20080602	1457
20080603	1642
20080604	1530
20080605	1530
20080606	1720
20080607	1463
20080608	1372
20080609	1332
20080610	1514
20080611	1554
20080612	1581
20080613	1753
20080614	1469
20080615	1299
20080616	1502
20080617	1542
20080618	1513
20080619	1532
20080620	1797
20080621	1553
20080622	1348
20080623	1354
20080624	1617
20080625	1580
20080626	1564
20080627	1577
20080628	1483
20080629	1322
20080630	1363
20080701	1879
20080702	1523
20080703	1567
20080704	1309
20080705	1458
20080706	1251
20080707	1333
20080708	1413
20080709	1483
20080710	1525
20080711	1707
20080712	1460
20080713	1315
20080714	1401
20080715	1510
20080716	1481
20080717	1600
20080718	1625
20080719	1487
20080720	1402
20080721	1398
20080722	1566
20080723	1675
20080724	1523
20080725	1655
20080726	1484
20080727	1354
20080728	1498
20080729	1647
20080730	1562
20080731	1494
20080801	1968
20080802	1586
20080803	1454
20080804	1448
20080805	1540
20080806	1526
20080807	1565
20080808	1662
20080809	1516
20080810	1406
20080811	1389
20080812	1537
20080813	1553
20080814	1445
20080815	1614
20080816	1488
20080817	1486
20080818	1408
20080819	1562
20080820	1607
20080821	1489
20080822	1601
20080823	1485
20080824	1409
20080825	1415
20080826	1493
20080827	1470
20080828	1596
20080829	1498
20080830	1528
20080831	1355
20080901	1591
20080902	1517
20080903	1492
20080904	1495
20080905	1755
20080906	1314
20080907	1323
20080908	1461
20080909	1437
20080910	1521
20080911	1520
20080912	1602
20080913	1557
20080914	1438
20080915	1560
20080916	1487
20080917	1538
20080918	1622
20080919	1668
20080920	1592
20080921	1327
20080922	1366
20080923	1461
20080924	1536
20080925	1487
20080926	1473
20080927	1437
20080928	1377
20080929	1433
20080930	1429
20081001	1746
20081002	1536
20081003	1638
20081004	1467
20081005	1254
20081006	1330
20081007	1414
20081008	1524
20081009	1476
20081010	1770
20081011	1470
20081012	1338
20081013	1265
20081014	1555
20081015	1637
20081016	1517
20081017	1660
20081018	1490
20081019	1229
20081020	1429
20081021	1472
20081022	1364
20081023	1405
20081024	1691
20081025	1450
20081026	1233
20081027	1362
20081028	1176
20081029	1416
20081030	1471
20081031	1606
20081101	1846
20081102	1216
20081103	1304
20081104	1212
20081105	1443
20081106	1459
20081107	1635
20081108	1451
20081109	1281
20081110	1321
20081111	1332
20081112	1440
20081113	1326
20081114	1589
20081115	1426
20081116	1181
20081117	1294
20081118	1360
20081119	1429
20081120	1509
20081121	1591
20081122	1311
20081123	1083
20081124	1384
20081125	1467
20081126	1435
20081127	901
20081128	1452
20081129	1285
20081130	1143
20081201	1666
20081202	1494
20081203	1409
20081204	1347
20081205	1582
20081206	1328
20081207	1091
20081208	1220
20081209	1418
20081210	1504
20081211	1280
20081212	1543
20081213	1398
20081214	1165
20081215	1328
20081216	1347
20081217	1392
20081218	1478
20081219	1184
20081220	1287
20081221	1094
20081222	1115
20081223	1307
20081224	1059
20081225	879
20081226	1297
20081227	1328
20081228	1253
20081229	1245
20081230	1224
20081231	1174
20090101	2036
20090102	1339
20090103	1376
20090104	1081
20090105	1399
20090106	1286
20090107	1299
20090108	1436
20090109	1575
20090110	1213
20090111	995
20090112	1306
20090113	1485
20090114	1369
20090115	1332
20090116	1330
20090117	1304
20090118	1051
20090119	1034
20090120	1371
20090121	1352
20090122	1368
20090123	1604
20090124	1354
20090125	1054
20090126	1155
20090127	1322
20090128	1168
20090129	1364
20090130	1443
20090131	1286
20090201	1453
20090202	1313
20090203	1115
20090204	1234
20090205	1224
20090206	1401
20090207	1319
20090208	1132
20090209	1231
20090210	1500
20090211	1503
20090212	1484
20090213	1564
20090214	1305
20090215	1219
20090216	1163
20090217	1353
20090218	1276
20090219	1276
20090220	1455
20090221	1398
20090222	1084
20090223	1124
20090224	1354
20090225	1406
20090226	1538
20090227	1589
20090228	1399
20090301	1398
20090302	877
20090303	1144
20090304	1303
20090305	1487
20090306	1557
20090307	1554
20090308	1212
20090309	1281
20090310	1500
20090311	1574
20090312	1432
20090313	1560
20090314	1424
20090315	1300
20090316	1301
20090317	1389
20090318	1505
20090319	1418
20090320	1520
20090321	1417
20090322	1228
20090323	1169
20090324	1414
20090325	1475
20090326	1308
20090327	1664
20090328	1410
20090329	1222
20090330	1333
20090331	1447
20090401	1758
20090402	1452
20090403	1464
20090404	1334
20090405	1240
20090406	1189
20090407	1396
20090408	1475
20090409	1466
20090410	1429
20090411	1256
20090412	1093
20090413	1172
20090414	1244
20090415	1321
20090416	1329
20090417	1480
20090418	1441
20090419	1131
20090420	1215
20090421	1417
20090422	1415
20090423	1452
20090424	1598
20090425	1412
20090426	1360
20090427	1345
20090428	1453
20090429	1555
20090430	1510
20090501	1866
20090502	1447
20090503	1139
20090504	1224
20090505	1447
20090506	1532
20090507	1367
20090508	1699
20090509	1498
20090510	1280
20090511	1399
20090512	1560
20090513	1596
20090514	1396
20090515	1672
20090516	1405
20090517	1234
20090518	1313
20090519	1333
20090520	1583
20090521	1471
20090522	1555
20090523	1461
20090524	1241
20090525	1299
20090526	1390
20090527	1369
20090528	1416
20090529	1561
20090530	1372
20090531	1249
20090601	1729
20090602	1514
20090603	1430
20090604	1279
20090605	1375
20090606	1378
20090607	1340
20090608	1420
20090609	1395
20090610	1527
20090611	1416
20090612	1555
20090613	1471
20090614	1334
20090615	1393
20090616	1510
20090617	1505
20090618	1254
20090619	1574
20090620	1457
20090621	1287
20090622	1441
20090623	1537
20090624	1449
20090625	1506
20090626	1533
20090627	1484
20090628	1428
20090629	1359
20090630	1476
20090701	1789
20090702	1457
20090703	1539
20090704	1525
20090705	1316
20090706	1330
20090707	1420
20090708	1470
20090709	1532
20090710	1505
20090711	1461
20090712	1244
20090713	1314
20090714	1466
20090715	1567
20090716	1505
20090717	1552
20090718	1549
20090719	1427
20090720	1451
20090721	1376
20090722	1507
20090723	1363
20090724	1527
20090725	1454
20090726	1321
20090727	1360
20090728	1552
20090729	1384
20090730	1480
20090731	1490
20090801	1842
20090802	1322
20090803	1316
20090804	1554
20090805	1562
20090806	1527
20090807	1649
20090808	1480
20090809	1387
20090810	1374
20090811	1452
20090812	1517
20090813	1553
20090814	1618
20090815	1618
20090816	1340
20090817	1438
20090818	1445
20090819	1498
20090820	1634
20090821	1513
20090822	1479
20090823	1365
20090824	1375
20090825	1549
20090826	1562
20090827	1569
20090828	1428
20090829	1426
20090830	1306
20090831	1347
20090901	1814
20090902	1492
20090903	1383
20090904	1587
20090905	1548
20090906	1341
20090907	1251
20090908	1419
20090909	1445
20090910	1456
20090911	1327
20090912	1468
20090913	1341
20090914	1329
20090915	1537
20090916	1535
20090917	1585
20090918	1690
20090919	1439
20090920	1280
20090921	1434
20090922	1466
20090923	1516
20090924	1541
20090925	1608
20090926	1395
20090927	1271
20090928	1255
20090929	1352
20090930	1451
20091001	1744
20091002	1618
20091003	1510
20091004	1371
20091005	1386
20091006	1510
20091007	1424
20091008	1519
20091009	1571
20091010	1518
20091011	1269
20091012	1161
20091013	1437
20091014	1447
20091015	1353
20091016	1474
20091017	1421
20091018	1119
20091019	1241
20091020	1480
20091021	1623
20091022	1544
20091023	1660
20091024	1348
20091025	1315
20091026	1351
20091027	1374
20091028	1326
20091029	1433
20091030	1639
20091031	1538
20091101	1644
20091102	1414
20091103	1329
20091104	1430
20091105	1432
20091106	1508
20091107	1400
20091108	1273
20091109	1360
20091110	1547
20091111	1378
20091112	1321
20091113	1512
20091114	1316
20091115	1349
20091116	1398
20091117	1520
20091118	1484
20091119	1481
20091120	1753
20091121	1441
20091122	1199
20091123	1318
20091124	1393
20091125	1490
20091126	881
20091127	1404
20091128	1320
20091129	1189
20091130	1196
20091201	1677
20091202	1471
20091203	1423
20091204	1525
20091205	1318
20091206	1149
20091207	1290
20091208	1367
20091209	1350
20091210	1363
20091211	1435
20091212	1372
20091213	1114
20091214	1270
20091215	1474
20091216	1388
20091217	1229
20091218	1384
20091219	1092
20091220	929
20091221	1073
20091222	1294
20091223	1279
20091224	1062
20091225	857
20091226	1050
20091227	1185
20091228	1201
20091229	1180
20091230	1347
20091231	1142
20100101	2343
20100102	1179
20100103	1049
20100104	1219
20100105	1352
20100106	1429
20100107	1542
20100108	1495
20100109	1299
20100110	1212
20100111	1225
20100112	1346
20100113	1410
20100114	1505
20100115	1785
20100116	1453
20100117	1223
20100118	1219
20100119	1473
20100120	1512
20100121	1480
20100122	1654
20100123	1463
20100124	1193
20100125	1190
20100126	1384
20100127	1393
20100128	1281
20100129	1366
20100130	1203
20100131	1045
20100201	1486
20100202	1378
20100203	1395
20100204	1337
20100205	1564
20100206	1253
20100207	1065
20100208	1089
20100209	1224
20100210	846
20100211	1099
20100212	1404
20100213	1275
20100214	1029
20100215	1019
20100216	1044
20100217	1219
20100218	1327
20100219	1350
20100220	1470
20100221	1180
20100222	1199
20100223	1232
20100224	1374
20100225	1098
20100226	933
20100227	1247
20100228	1059
20100301	1581
20100302	1347
20100303	1455
20100304	1461
20100305	1606
20100306	1443
20100307	1252
20100308	1333
20100309	1426
20100310	1558
20100311	1415
20100312	1449
20100313	1048
20100314	1090
20100315	1285
20100316	1449
20100317	1514
20100318	1469
20100319	1568
20100320	1470
20100321	1302
20100322	1148
20100323	1410
20100324	1507
20100325	1500
20100326	1523
20100327	1316
20100328	1156
20100329	1080
20100330	1064
20100331	1324
20100401	1713
20100402	1401
20100403	1325
20100404	1171
20100405	1287
20100406	1398
20100407	1455
20100408	1548
20100409	1534
20100410	1495
20100411	1236
20100412	1325
20100413	1450
20100414	1476
20100415	1524
20100416	1537
20100417	1442
20100418	1209
20100419	1381
20100420	1604
20100421	1480
20100422	1547
20100423	1616
20100424	1383
20100425	1131
20100426	1172
20100427	1436
20100428	1548
20100429	1478
20100430	1613
20100501	1661
20100502	1360
20100503	1295
20100504	1448
20100505	1588
20100506	1556
20100507	1688
20100508	1448
20100509	1172
20100510	1363
20100511	1402
20100512	1440
20100513	1496
20100514	1591
20100515	1481
20100516	1265
20100517	1357
20100518	1233
20100519	1426
20100520	1629
20100521	1681
20100522	1528
20100523	1248
20100524	1362
20100525	1612
20100526	1490
20100527	1475
20100528	1623
20100529	1461
20100530	1317
20100531	1235
20100601	1779
20100602	1525
20100603	1540
20100604	1691
20100605	1518
20100606	1335
20100607	1383
20100608	1492
20100609	1364
20100610	1534
20100611	1653
20100612	1417
20100613	1234
20100614	1347
20100615	1485
20100616	1502
20100617	1554
20100618	1630
20100619	1485
20100620	1356
20100621	1359
20100622	1434
20100623	1518
20100624	1480
20100625	1659
20100626	1493
20100627	1329
20100628	1432
20100629	1501
20100630	1484
20100701	1777
20100702	1495
20100703	1390
20100704	1348
20100705	1319
20100706	1389
20100707	1438
20100708	1457
20100709	1548
20100710	1555
20100711	1294
20100712	1394
20100713	1318
20100714	1448
20100715	1577
20100716	1602
20100717	1502
20100718	1303
20100719	1388
20100720	1570
20100721	1483
20100722	1554
20100723	1498
20100724	1454
20100725	1332
20100726	1353
20100727	1472
20100728	1430
20100729	1576
20100730	1476
20100731	1437
20100801	1624
20100802	1398
20100803	1317
20100804	1409
20100805	1473
20100806	1617
20100807	1437
20100808	1423
20100809	1305
20100810	1565
20100811	1575
20100812	1438
20100813	1509
20100814	1503
20100815	1448
20100816	1334
20100817	1438
20100818	1453
20100819	1418
20100820	1528
20100821	1447
20100822	1228
20100823	1200
20100824	1371
20100825	1408
20100826	1442
20100827	1515
20100828	1393
20100829	1368
20100830	1366
20100831	1359
20100901	1824
20100902	1516
20100903	1609
20100904	1553
20100905	1394
20100906	1291
20100907	1431
20100908	1618
20100909	1484
20100910	1623
20100911	1616
20100912	1256
20100913	1234
20100914	1398
20100915	1586
20100916	1349
20100917	1563
20100918	1508
20100919	1424
20100920	1334
20100921	1499
20100922	1456
20100923	1574
20100924	1623
20100925	1578
20100926	1329
20100927	1309
20100928	1427
20100929	1554
20100930	1460
20101001	1829
20101002	1556
20101003	1287
20101004	1182
20101005	1537
20101006	1532
20101007	1507
20101008	1607
20101009	1558
20101010	1388
20101011	1246
20101012	1467
20101013	1516
20101014	1539
20101015	1632
20101016	1437
20101017	1288
20101018	1328
20101019	1390
20101020	1643
20101021	1524
20101022	1602
20101023	1561
20101024	1314
20101025	1382
20101026	1490
20101027	1504
20101028	1551
20101029	1661
20101030	1382
20101031	1390
20101101	1481
20101102	1243
20101103	1455
20101104	1305
20101105	1571
20101106	1412
20101107	1242
20101108	1191
20101109	1408
20101110	1559
20101111	1333
20101112	1635
20101113	1533
20101114	1216
20101115	1380
20101116	1359
20101117	1489
20101118	1566
20101119	1580
20101120	1507
20101121	1185
20101122	1286
20101123	1403
20101124	1477
20101125	914
20101126	1425
20101127	1349
20101128	1177
20101129	1291
20101130	1304
20101201	1527
20101202	1363
20101203	1490
20101204	1349
20101205	1089
20101206	1147
20101207	1272
20101208	1279
20101209	1245
20101210	1466
20101211	1376
20101212	1040
20101213	1211
20101214	1224
20101215	1267
20101216	1266
20101217	1514
20101218	1342
20101219	1127
20101220	1201
20101221	1326
20101222	1308
20101223	1313
20101224	1145
20101225	763
20101226	645
20101227	450
20101228	788
20101229	962
20101230	1123
20101231	1139
20110101	2253
20110102	996
20110103	1138
20110104	1300
20110105	1364
20110106	1356
20110107	1333
20110108	1183
20110109	1011
20110110	1191
20110111	1296
20110112	1045
20110113	1250
20110114	1359
20110115	1390
20110116	1116
20110117	1084
20110118	1215
20110119	1388
20110120	1420
20110121	1373
20110122	1221
20110123	1035
20110124	1071
20110125	1237
20110126	1071
20110127	945
20110128	1246
20110129	1201
20110130	1073
20110131	1097
20110201	1501
20110202	1165
20110203	1320
20110204	1459
20110205	1274
20110206	1104
20110207	1212
20110208	1222
20110209	1335
20110210	1411
20110211	1526
20110212	1368
20110213	1134
20110214	1236
20110215	1428
20110216	1453
20110217	1491
20110218	1569
20110219	1290
20110220	1131
20110221	1068
20110222	1233
20110223	1254
20110224	1264
20110225	1325
20110226	1355
20110227	1228
20110228	1184
20110301	1684
20110302	1444
20110303	1322
20110304	1500
20110305	1443
20110306	1075
20110307	1164
20110308	1359
20110309	1401
20110310	1304
20110311	1572
20110312	1505
20110313	1162
20110314	1240
20110315	1480
20110316	1332
20110317	1392
20110318	1579
20110319	1406
20110320	1236
20110321	1146
20110322	1398
20110323	1262
20110324	1365
20110325	1515
20110326	1256
20110327	1127
20110328	1243
20110329	1191
20110330	1357
20110331	1311
20110401	1682
20110402	1435
20110403	1245
20110404	1285
20110405	1367
20110406	1454
20110407	1463
20110408	1471
20110409	1473
20110410	1236
20110411	1340
20110412	1281
20110413	1347
20110414	1549
20110415	1616
20110416	1213
20110417	1192
20110418	1295
20110419	1245
20110420	1414
20110421	1384
20110422	1396
20110423	1285
20110424	1145
20110425	1203
20110426	1374
20110427	1427
20110428	1360
20110429	1520
20110430	1358
20110501	1464
20110502	1288
20110503	1464
20110504	1323
20110505	1383
20110506	1545
20110507	1363
20110508	1167
20110509	1380
20110510	1550
20110511	1544
20110512	1556
20110513	1612
20110514	1336
20110515	1255
20110516	1279
20110517	1300
20110518	1430
20110519	1513
20110520	1655
20110521	1449
20110522	1243
20110523	1319
20110524	1479
20110525	1520
20110526	1464
20110527	1599
20110528	1427
20110529	1231
20110530	1249
20110531	1354
20110601	1930
20110602	1441
20110603	1582
20110604	1539
20110605	1286
20110606	1286
20110607	1461
20110608	1447
20110609	1335
20110610	1528
20110611	1355
20110612	1309
20110613	1338
20110614	1436
20110615	1634
20110616	1539
20110617	1458
20110618	1436
20110619	1341
20110620	1400
20110621	1491
20110622	1498
20110623	1465
20110624	1527
20110625	1552
20110626	1350
20110627	1388
20110628	1562
20110629	1433
20110630	1448
20110701	1778
20110702	1447
20110703	1236
20110704	1411
20110705	1562
20110706	1410
20110707	1430
20110708	1473
20110709	1374
20110710	1397
20110711	1322
20110712	1621
20110713	1502
20110714	1554
20110715	1657
20110716	1452
20110717	1368
20110718	1327
20110719	1416
20110720	1513
20110721	1458
20110722	1446
20110723	1385
20110724	1376
20110725	1343
20110726	1494
20110727	1502
20110728	1457
20110729	1412
20110730	1465
20110731	1316
20110801	1668
20110802	1402
20110803	1392
20110804	1459
20110805	1535
20110806	1397
20110807	1289
20110808	1281
20110809	1342
20110810	1535
20110811	1526
20110812	1512
20110813	1473
20110814	1036
20110815	1565
20110816	1367
20110817	1408
20110818	1375
20110819	1464
20110820	1518
20110821	1294
20110822	1518
20110823	1435
20110824	1439
20110825	1405
20110826	1424
20110827	1024
20110828	738
20110829	1348
20110830	1437
20110831	1353
20110901	1765
20110902	1462
20110903	1432
20110904	1312
20110905	1298
20110906	1139
20110907	1168
20110908	1348
20110909	1515
20110910	1396
20110911	1184
20110912	1260
20110913	1369
20110914	1469
20110915	1420
20110916	1475
20110917	1284
20110918	1174
20110919	1310
20110920	1359
20110921	1517
20110922	1467
20110923	1413
20110924	1392
20110925	1381
20110926	1364
20110927	1482
20110928	1478
20110929	1356
20110930	1431
20111001	1632
20111002	1170
20111003	1204
20111004	1303
20111005	1463
20111006	1361
20111007	1547
20111008	1359
20111009	1279
20111010	1326
20111011	1437
20111012	1346
20111013	1415
20111014	1379
20111015	1271
20111016	1242
20111017	1325
20111018	1421
20111019	1379
20111020	1561
20111021	1557
20111022	1398
20111023	1253
20111024	1310
20111025	1346
20111026	1411
20111027	1216
20111028	1476
20111029	1097
20111030	1110
20111031	1389
20111101	1719
20111102	1369
20111103	1423
20111104	1514
20111105	1392
20111106	1154
20111107	1508
20111108	1294
20111109	1472
20111110	1485
20111111	1402
20111112	1391
20111113	1213
20111114	1373
20111115	1411
20111116	1296
20111117	1349
20111118	1455
20111119	1420
20111120	1232
20111121	1319
20111122	1359
20111123	1405
20111124	897
20111125	1514
20111126	1371
20111127	1263
20111128	1425
20111129	1344
20111130	1420
20111201	1603
20111202	1481
20111203	1354
20111204	1173
20111205	1349
20111206	1287
20111207	1296
20111208	1311
20111209	1521
20111210	1460
20111211	1040
20111212	1306
20111213	1340
20111214	1430
20111215	1530
20111216	1550
20111217	1312
20111218	1022
20111219	1186
20111220	1423
20111221	1416
20111222	1422
20111223	1412
20111224	1082
20111225	847
20111226	1074
20111227	1174
20111228	1278
20111229	1229
20111230	1419
20111231	1282
20120101	2025
20120102	1213
20120103	1282
20120104	1219
20120105	1443
20120106	1543
20120107	1390
20120108	1165
20120109	1223
20120110	1427
20120111	1363
20120112	1361
20120113	1482
20120114	1283
20120115	1075
20120116	1125
20120117	1438
20120118	1352
20120119	1314
20120120	1494
20120121	1106
20120122	1041
20120123	1343
20120124	1448
20120125	1418
20120126	1375
20120127	1568
20120128	1503
20120129	1202
20120130	1219
20120131	1361
20120201	1756
20120202	1468
20120203	1480
20120204	1437
20120205	1149
20120206	1299
20120207	1361
20120208	1426
20120209	1358
20120210	1624
20120211	1317
20120212	1153
20120213	1205
20120214	1312
20120215	1457
20120216	1387
20120217	1559
20120218	1397
20120219	1162
20120220	1130
20120221	1276
20120222	1396
20120223	1277
20120224	1314
20120225	1315
20120226	1148
20120227	1373
20120228	1390
20120229	1248
20120301	1570
20120302	1464
20120303	1421
20120304	1198
20120305	1319
20120306	1310
20120307	1406
20120308	1480
20120309	1483
20120310	1343
20120311	1121
20120312	1453
20120313	1440
20120314	1483
20120315	1451
20120316	1485
20120317	1439
20120318	1320
20120319	1282
20120320	1509
20120321	1468
20120322	1462
20120323	1530
20120324	1420
20120325	1248
20120326	1246
20120327	1302
20120328	1416
20120329	1390
20120330	1486
20120331	1238
20120401	1418
20120402	1378
20120403	1443
20120404	1497
20120405	1477
20120406	1431
20120407	1404
20120408	1090
20120409	1178
20120410	1312
20120411	1227
20120412	1396
20120413	1468
20120414	1315
20120415	1397
20120416	1348
20120417	1466
20120418	1538
20120419	1398
20120420	1645
20120421	1476
20120422	1126
20120423	1294
20120424	1313
20120425	1548
20120426	1326
20120427	1609
20120428	1397
20120429	1320
20120430	1355
20120501	1699
20120502	1417
20120503	1463
20120504	1596
20120505	1420
20120506	1339
20120507	1286
20120508	1474
20120509	1483
20120510	1517
20120511	1588
20120512	1515
20120513	1234
20120514	1281
20120515	1404
20120516	1552
20120517	1545
20120518	1579
20120519	1463
20120520	1403
20120521	1316
20120522	1481
20120523	1501
20120524	1364
20120525	1605
20120526	1439
20120527	1250
20120528	1228
20120529	1475
20120530	1488
20120531	1441
20120601	1906
20120602	1386
20120603	1360
20120604	1220
20120605	1450
20120606	1489
20120607	1402
20120608	1533
20120609	1432
20120610	1426
20120611	1345
20120612	1417
20120613	1461
20120614	1414
20120615	1650
20120616	1475
20120617	1241
20120618	1360
20120619	1418
20120620	1487
20120621	1372
20120622	1466
20120623	1452
20120624	1430
20120625	1322
20120626	1354
20120627	1559
20120628	1449
20120629	1497
20120630	1402
20120701	1654
20120702	1346
20120703	1535
20120704	1541
20120705	1515
20120706	1499
20120707	1438
20120708	1332
20120709	1372
20120710	1463
20120711	1485
20120712	1574
20120713	1563
20120714	1587
20120715	1384
20120716	1359
20120717	1466
20120718	1466
20120719	1448
20120720	1439
20120721	1480
20120722	1406
20120723	1307
20120724	1427
20120725	1569
20120726	1425
20120727	1499
20120728	1490
20120729	1345
20120730	1323
20120731	1472
20120801	1633
20120802	1554
20120803	1560
20120804	1518
20120805	1360
20120806	1366
20120807	1470
20120808	1549
20120809	1533
20120810	1522
20120811	1588
20120812	1525
20120813	1336
20120814	1420
20120815	1423
20120816	1536
20120817	1593
20120818	1379
20120819	1337
20120820	1472
20120821	1449
20120822	1426
20120823	1518
20120824	1626
20120825	1482
20120826	1391
20120827	1256
20120828	1419
20120829	1436
20120830	1448
20120831	1436
20120901	1829
20120902	1336
20120903	1383
20120904	1332
20120905	1380
20120906	1377
20120907	1527
20120908	1411
20120909	1321
20120910	1281
20120911	1362
20120912	1545
20120913	1472
20120914	1550
20120915	1571
20120916	1218
20120917	1343
20120918	1265
20120919	1386
20120920	1499
20120921	1600
20120922	1540
20120923	1339
20120924	1246
20120925	1481
20120926	1397
20120927	1432
20120928	1488
20120929	1445
20120930	1248
20121001	1617
20121002	1365
20121003	1575
20121004	1519
20121005	1683
20121006	1521
20121007	1192
20121008	1195
20121009	1379
20121010	1379
20121011	1426
20121012	1511
20121013	1398
20121014	1229
20121015	1319
20121016	1336
20121017	1456
20121018	1487
20121019	1491
20121020	1595
20121021	1196
20121022	1306
20121023	1367
20121024	1349
20121025	1336
20121026	1435
20121027	1406
20121028	1170
20121029	761
20121030	832
20121031	1072
20121101	1236
20121102	1015
20121103	1060
20121104	1061
20121105	1022
20121106	954
20121107	877
20121108	1042
20121109	1294
20121110	1294
20121111	1164
20121112	1199
20121113	1199
20121114	1296
20121115	1386
20121116	1408
20121117	1245
20121118	1126
20121119	1201
20121120	1367
20121121	1361
20121122	897
20121123	1302
20121124	1245
20121125	1038
20121126	1192
20121127	1159
20121128	1329
20121129	1344
20121130	1549
20121201	1616
20121202	1229
20121203	1249
20121204	1309
20121205	1363
20121206	1260
20121207	1334
20121208	1478
20121209	1215
20121210	1336
20121211	1279
20121212	1380
20121213	1276
20121214	1503
20121215	1414
20121216	1134
20121217	1220
20121218	1233
20121219	1389
20121220	1437
20121221	1341
20121222	1251
20121223	1247
20121224	1034
20121225	787
20121226	999
20121227	1161
20121228	1321
20121229	1198
20121230	1061
20121231	1192
20130101	2030
20130102	1189
20130103	1276
20130104	1480
20130105	1362
20130106	1113
20130107	1198
20130108	1320
20130109	1396
20130110	1407
20130111	1413
20130112	1366
20130113	1250
20130114	1275
20130115	1319
20130116	1239
20130117	1430
20130118	1355
20130119	1332
20130120	1166
20130121	1008
20130122	1092
20130123	1098
20130124	1152
20130125	1313
20130126	1212
20130127	1070
20130128	1099
20130129	1280
20130130	1349
20130131	1343
20130201	1675
20130202	1346
20130203	1065
20130204	1138
20130205	1238
20130206	1252
20130207	1296
20130208	1113
20130209	915
20130210	1025
20130211	1095
20130212	1342
20130213	1374
20130214	1291
20130215	1537
20130216	1317
20130217	1096
20130218	1080
20130219	1146
20130220	1271
20130221	1265
20130222	1419
20130223	1296
20130224	1158
20130225	1190
20130226	1245
20130227	1286
20130228	1313
20130301	1700
20130302	1292
20130303	1105
20130304	1133
20130305	1290
20130306	1226
20130307	1221
20130308	1271
20130309	1355
20130310	1186
20130311	1226
20130312	1172
20130313	1483
20130314	1296
20130315	1462
20130316	1259
20130317	1172
20130318	1149
20130319	1209
20130320	1309
20130321	1213
20130322	1396
20130323	1323
20130324	1175
20130325	1102
20130326	1269
20130327	1283
20130328	1330
20130329	1285
20130330	1275
20130331	1037
20130401	1414
20130402	1179
20130403	1295
20130404	1324
20130405	1434
20130406	1264
20130407	1126
20130408	1266
20130409	1385
20130410	1465
20130411	1386
20130412	1364
20130413	1422
20130414	1150
20130415	1337
20130416	1386
20130417	1404
20130418	1418
20130419	1465
20130420	1365
20130421	1209
20130422	1176
20130423	1270
20130424	1451
20130425	1454
20130426	1498
20130427	1446
20130428	1185
20130429	1237
20130430	1353
20130501	1706
20130502	1420
20130503	1483
20130504	1354
20130505	1280
20130506	1228
20130507	1455
20130508	1329
20130509	1353
20130510	1592
20130511	1387
20130512	1325
20130513	1265
20130514	1340
20130515	1515
20130516	1464
20130517	1509
20130518	1329
20130519	1105
20130520	1359
20130521	1446
20130522	1507
20130523	1378
20130524	1429
20130525	1298
20130526	1213
20130527	1245
20130528	1290
20130529	1310
20130530	1347
20130531	1406
20130601	1614
20130602	1313
20130603	1314
20130604	1520
20130605	1474
20130606	1362
20130607	1304
20130608	1275
20130609	1350
20130610	1204
20130611	1307
20130612	1540
20130613	1307
20130614	1459
20130615	1587
20130616	1298
20130617	1349
20130618	1307
20130619	1353
20130620	1448
20130621	1476
20130622	1504
20130623	1353
20130624	1293
20130625	1422
20130626	1549
20130627	1449
20130628	1516
20130629	1475
20130630	1325
20130701	1531
20130702	1394
20130703	1421
20130704	1410
20130705	1524
20130706	1367
20130707	1414
20130708	1388
20130709	1456
20130710	1495
20130711	1477
20130712	1369
20130713	1400
20130714	1332
20130715	1404
20130716	1436
20130717	1477
20130718	1379
20130719	1483
20130720	1529
20130721	1414
20130722	1332
20130723	1379
20130724	1544
20130725	1502
20130726	1487
20130727	1503
20130728	1354
20130729	1322
20130730	1403
20130731	1448
20130801	1538
20130802	1551
20130803	1491
20130804	1283
20130805	1333
20130806	1419
20130807	1375
20130808	1386
20130809	1523
20130810	1520
20130811	1419
20130812	1311
20130813	1401
20130814	1576
20130815	1466
20130816	1554
20130817	1455
20130818	1334
20130819	1270
20130820	1380
20130821	1393
20130822	1360
20130823	1557
20130824	1594
20130825	1303
20130826	1310
20130827	1380
20130828	1452
20130829	1366
20130830	1525
20130831	1471
20130901	1640
20130902	1359
20130903	1401
20130904	1445
20130905	1421
20130906	1416
20130907	1495
20130908	1328
20130909	1317
20130910	1376
20130911	1450
20130912	1405
20130913	1535
20130914	1400
20130915	1422
20130916	1290
20130917	1397
20130918	1428
20130919	1539
20130920	1679
20130921	1458
20130922	1303
20130923	1370
20130924	1411
20130925	1498
20130926	1461
20130927	1597
20130928	1511
20130929	1431
20130930	1433
20131001	1694
20131002	1511
20131003	1567
20131004	1710
20131005	1533
20131006	1372
20131007	1329
20131008	1413
20131009	1427
20131010	1478
20131011	1552
20131012	1540
20131013	1319
20131014	1239
20131015	1461
20131016	1351
20131017	1467
20131018	1445
20131019	1373
20131020	1321
20131021	1349
20131022	1339
20131023	1414
20131024	1363
20131025	1474
20131026	1370
20131027	1233
20131028	1346
20131029	1341
20131030	1496
20131031	1562
20131101	1818
20131102	1499
20131103	1210
20131104	1185
20131105	1249
20131106	1355
20131107	1376
20131108	1506
20131109	1431
20131110	1309
20131111	1161
20131112	1284
20131113	1389
20131114	1482
20131115	1613
20131116	1500
20131117	1304
20131118	1393
20131119	1283
20131120	1391
20131121	1348
20131122	1567
20131123	1449
20131124	1065
20131125	1249
20131126	1230
20131127	1272
20131128	976
20131129	1300
20131130	1301
20131201	1432
20131202	1306
20131203	1314
20131204	1431
20131205	1450
20131206	1412
20131207	1401
20131208	1169
20131209	1222
20131210	1296
20131211	1288
20131212	1220
20131213	1412
20131214	1180
20131215	1093
20131216	1154
20131217	1181
20131218	1295
20131219	1350
20131220	1510
20131221	1435
20131222	1316
20131223	1240
20131224	1212
20131225	872
20131226	1186
20131227	1333
20131228	1356
20131229	1121
20131230	1156
20131231	1110
20140101	2211
20140102	1099
20140103	971
20140104	1050
20140105	1015
20140106	1150
20140107	1058
20140108	1257
20140109	1330
20140110	1500
20140111	1350
20140112	1249
20140113	1321
20140114	1372
20140115	1564
20140116	1437
20140117	1528
20140118	1398
20140119	1180
20140120	1184
20140121	990
20140122	983
20140123	1080
20140124	1308
20140125	1284
20140126	1096
20140127	1113
20140128	1213
20140129	1179
20140130	1270
20140131	1398
20140201	1631
20140202	1275
20140203	1090
20140204	1173
20140205	1126
20140206	1247
20140207	1412
20140208	1291
20140209	1136
20140210	1110
20140211	1195
20140212	1275
20140213	878
20140214	1248
20140215	1275
20140216	1032
20140217	1073
20140218	1200
20140219	1180
20140220	1318
20140221	1390
20140222	1510
20140223	1185
20140224	1174
20140225	1273
20140226	1193
20140227	1210
20140228	1379
20140301	1654
20140302	1171
20140303	1088
20140304	1220
20140305	1371
20140306	1261
20140307	1471
20140308	1456
20140309	1142
20140310	1253
20140311	1307
20140312	1391
20140313	1250
20140314	1451
20140315	1625
20140316	1216
20140317	1162
20140318	1335
20140319	1269
20140320	1482
20140321	1433
20140322	1507
20140323	1134
20140324	1209
20140325	1284
20140326	1280
20140327	1291
20140328	1458
20140329	1176
20140330	1083
20140331	1150
20140401	1678
20140402	1402
20140403	1364
20140404	1442
20140405	1395
20140406	1170
20140407	1161
20140408	1343
20140409	1413
20140410	1347
20140411	1422
20140412	1444
20140413	1279
20140414	1203
20140415	1264
20140416	1302
20140417	1239
20140418	1436
20140419	1316
20140420	1148
20140421	1204
20140422	1359
20140423	1448
20140424	1305
20140425	1474
20140426	1353
20140427	1250
20140428	1240
20140429	1238
20140430	1049
20140501	1692
20140502	1577
20140503	1452
20140504	1302
20140505	1336
20140506	1467
20140507	1478
20140508	1322
20140509	1505
20140510	1473
20140511	1277
20140512	1378
20140513	1389
20140514	1503
20140515	1496
20140516	1549
20140517	1440
20140518	1290
20140519	1358
20140520	1480
20140521	1534
20140522	1385
20140523	1490
20140524	1347
20140525	1285
20140526	1287
20140527	1441
20140528	1509
20140529	1421
20140530	1536
20140531	1402
20140601	1600
20140602	1424
20140603	1381
20140604	1476
20140605	1333
20140606	1533
20140607	1345
20140608	1295
20140609	1303
20140610	1479
20140611	1511
20140612	1523
20140613	1424
20140614	1564
20140615	1380
20140616	1447
20140617	1426
20140618	1499
20140619	1414
20140620	1588
20140621	1494
20140622	1346
20140623	1284
20140624	1398
20140625	1494
20140626	1415
20140627	1491
20140628	1434
20140629	1275
20140630	1308
20140701	1720
20140702	1425
20140703	1482
20140704	1439
20140705	1548
20140706	1354
20140707	1405
20140708	1436
20140709	1431
20140710	1551
20140711	1428
20140712	1453
20140713	1350
20140714	1388
20140715	1373
20140716	1449
20140717	1372
20140718	1436
20140719	1543
20140720	1462
20140721	1368
20140722	1424
20140723	1425
20140724	1456
20140725	1525
20140726	1470
20140727	1424
20140728	1402
20140729	1437
20140730	1429
20140731	1483
20140801	1812
20140802	1444
20140803	1364
20140804	1404
20140805	1434
20140806	1419
20140807	1418
20140808	1535
20140809	1478
20140810	1474
20140811	1394
20140812	1385
20140813	1385
20140814	1555
20140815	1567
20140816	1503
20140817	1413
20140818	1309
20140819	1424
20140820	1509
20140821	1450
20140822	1370
20140823	1489
20140824	1381
20140825	1310
20140826	1408
20140827	1438
20140828	1489
20140829	1488
20140830	1497
20140831	1284
20140901	1656
20140902	1475
20140903	1467
20140904	1453
20140905	1575
20140906	1472
20140907	1347
20140908	1334
20140909	1334
20140910	1445
20140911	1472
20140912	1507
20140913	1346
20140914	1313
20140915	1410
20140916	1401
20140917	1458
20140918	1490
20140919	1565
20140920	1633
20140921	1285
20140922	1341
20140923	1347
20140924	1451
20140925	1232
20140926	1425
20140927	1463
20140928	1354
20140929	1363
20140930	1352
20141001	1690
20141002	1428
20141003	1470
20141004	1421
20141005	1307
20141006	1325
20141007	1393
20141008	1432
20141009	1463
20141010	1509
20141011	1313
20141012	1306
20141013	1189
20141014	1558
20141015	1565
20141016	1414
20141017	1674
20141018	1576
20141019	1283
20141020	1377
20141021	1379
20141022	1289
20141023	1226
20141024	1545
20141025	1549
20141026	1314
20141027	1339
20141028	1425
20141029	1360
20141030	1336
20141031	1516
20141101	1464
20141102	1158
20141103	1259
20141104	1336
20141105	1392
20141106	1248
20141107	1441
20141108	1400
20141109	1230
20141110	1343
20141111	1311
20141112	1379
20141113	1236
20141114	1310
20141115	1283
20141116	1174
20141117	1081
20141118	1203
20141119	1177
20141120	1325
20141121	1377
20141122	1335
20141123	1197
20141124	1293
20141125	1242
20141126	1138
20141127	821
20141128	1288
20141129	1154
20141130	1211
20141201	1394
20141202	1201
20141203	1183
20141204	1141
20141205	1239
20141206	1171
20141207	1055
20141208	1053
20141209	1051
20141210	1185
20141211	1261
20141212	1357
20141213	1312
20141214	1187
20141215	1213
20141216	1198
20141217	1315
20141218	1253
20141219	1287
20141220	1223
20141221	991
20141222	1032
20141223	1090
20141224	949
20141225	842
20141226	974
20141227	1005
20141228	929
20141229	962
20141230	983
20141231	926
20150101	1771
20150102	1029
20150103	1000
20150104	877
20150105	1043
20150106	945
20150107	959
20150108	993
20150109	1124
20150110	1057
20150111	1011
20150112	1050
20150113	1201
20150114	1213
20150115	1341
20150116	1299
20150117	1269
20150118	973
20150119	1086
20150120	1253
20150121	1209
20150122	1261
20150123	1335
20150124	1076
20150125	1100
20150126	920
20150127	803
20150128	1057
20150129	1050
20150130	1137
20150131	1037
20150201	1294
20150202	880
20150203	948
20150204	1202
20150205	1125
20150206	1209
20150207	1160
20150208	1023
20150209	985
20150210	1134
20150211	1172
20150212	1179
20150213	1149
20150214	1196
20150215	1060
20150216	959
20150217	1033
20150218	1193
20150219	1029
20150220	1146
20150221	1117
20150222	989
20150223	982
20150224	1016
20150225	1193
20150226	1168
20150227	1248
20150228	1166
20150301	1311
20150302	1114
20150303	1121
20150304	1174
20150305	1058
20150306	1217
20150307	1229
20150308	1089
20150309	1293
20150310	1298
20150311	1273
20150312	1274
20150313	1330
20150314	1271
20150315	1286
20150316	1203
20150317	1309
20150318	1279
20150319	1220
20150320	1194
20150321	1254
20150322	1127
20150323	1138
20150324	1166
20150325	1248
20150326	1206
20150327	1311
20150328	1218
20150329	1122
20150330	1165
20150331	1171
20150401	1791
20150402	1390
20150403	1362
20150404	1317
20150405	1012
20150406	1194
20150407	1193
20150408	1247
20150409	1191
20150410	1297
20150411	1225
20150412	1211
20150413	1223
20150414	1361
20150415	1449
20150416	1344
20150417	1407
20150418	1464
20150419	1220
20150420	1151
20150421	1326
20150422	1359
20150423	1260
20150424	1372
20150425	1320
20150426	1257
20150427	1242
20150428	1281
20150429	1360
20150430	1372
20150501	1817
20150502	1178
20150503	1270
20150504	1212
20150505	1390
20150506	1342
20150507	1360
20150508	1371
20150509	1329
20150510	1320
20150511	1300
20150512	1407
20150513	1462
20150514	1379
20150515	1614
20150516	1331
20150517	1283
20150518	1367
20150519	1305
20150520	1472
20150521	1318
20150522	1512
20150523	1338
20150524	1252
20150525	1241
20150526	1395
20150527	1372
20150528	1370
20150529	1447
20150530	1493
20150531	1203
20150601	1466
20150602	1239
20150603	1318
20150604	1311
20150605	1449
20150606	1382
20150607	1246
20150608	1313
20150609	1347
20150610	1428
20150611	1389
20150612	1495
20150613	1356
20150614	1312
20150615	1359
20150616	1406
20150617	1408
20150618	1420
20150619	1486
20150620	1394
20150621	1316
20150622	1433
20150623	1363
20150624	1376
20150625	1529
20150626	1463
20150627	1334
20150628	1185
20150629	1243
20150630	1339
20150701	1698
20150702	1385
20150703	1519
20150704	1355
20150705	1367
20150706	1312
20150707	1439
20150708	1382
20150709	1353
20150710	1369
20150711	1435
20150712	1384
20150713	1331
20150714	1283
20150715	1539
20150716	1430
20150717	1431
20150718	1398
20150719	1247
20150720	1407
20150721	1425
20150722	1487
20150723	1522
20150724	1494
20150725	1527
20150726	1428
20150727	1316
20150728	1344
20150729	1479
20150730	1379
20150731	1471
20150801	1658
20150802	1364
20150803	1397
20150804	1453
20150805	1545
20150806	1448
20150807	1519
20150808	1449
20150809	1323
20150810	1358
20150811	1277
20150812	1505
20150813	1509
20150814	1563
20150815	1515
20150816	1353
20150817	1308
20150818	1403
20150819	1480
20150820	1517
20150821	1497
20150822	1474
20150823	1347
20150824	1365
20150825	1408
20150826	1435
20150827	1359
20150828	1492
20150829	1430
20150830	1313
20150831	1258
20150901	1626
20150902	1412
20150903	1421
20150904	1509
20150905	1446
20150906	1324
20150907	1225
20150908	1291
20150909	1439
20150910	1277
20150911	1483
20150912	1429
20150913	1238
20150914	1257
20150915	1409
20150916	1377
20150917	1372
20150918	1564
20150919	1501
20150920	1358
20150921	1280
20150922	1471
20150923	1369
20150924	1220
20150925	1335
20150926	1305
20150927	1227
20150928	1279
20150929	1280
20150930	1343
20151001	1452
20151002	1171
20151003	1170
20151004	1302
20151005	1330
20151006	1401
20151007	1327
20151008	1342
20151009	1455
20151010	1321
20151011	1310
20151012	1189
20151013	1337
20151014	1365
20151015	1459
20151016	1484
20151017	1229
20151018	1103
20151019	1184
20151020	1369
20151021	1393
20151022	1384
20151023	1363
20151024	1268
20151025	1233
20151026	1184
20151027	1205
20151028	1084
20151029	1331
20151030	1386
20151031	1452
20151101	1463
20151102	1170
20151103	1241
20151104	1410
20151105	1332
20151106	1392
20151107	1357
20151108	1123
20151109	1213
20151110	1224
20151111	1241
20151112	1323
20151113	1362
20151114	1186
20151115	1198
20151116	1220
20151117	1287
20151118	1263
20151119	1246
20151120	1412
20151121	1287
20151122	1167
20151123	1111
20151124	1208
20151125	1267
20151126	920
20151127	1244
20151128	1221
20151129	1071
20151130	1099
20151201	1203
20151202	1247
20151203	1190
20151204	1356
20151205	1304
20151206	1143
20151207	1155
20151208	1189
20151209	1183
20151210	1291
20151211	1457
20151212	1412
20151213	1209
20151214	1176
20151215	1234
20151216	1169
20151217	1137
20151218	1274
20151219	1181
20151220	1071
20151221	1071
20151222	1179
20151223	1069
20151224	1047
20151225	882
20151226	1059
20151227	1022
20151228	1016
20151229	982
20151230	968
20151231	693
999	147
